269105457
595705064
139063139
646870519
243067344
704529614
770262094
285882039
986123633
721792159
217112082
644304174
559383552
479898570
069760797
190911803
930133867
284329794
253052921
026835791
672752198
274721479
540858450
532626994
931910908
954124659
028825120
202888577
368694418
081917611
831032131
923377839
374988952
711256829
212535692
451039029
187808959
812555315
503356330
497365268
018900639
530128340
002528194
649441221
151910079
910685738
620133246
089995590
910093364
775303596
931660417
351412754
454789451
339972685
622779476
325672898
374646087
928476807
325218825
669599426
786485899
906803629
369315941
214065645
607344613
677007802
426807062
610896691
644579904
331465564
501585534
085309709
630322998
355325363
402228657
782384470
701022732
022285219
225151503
978263388
195276207
568953221
452235579
542611829
203934984
686467422
561083684
093317990
096891409
588142771
843729120
451347151
233345009
790075315
140922484
466785488
463249115
453133253
937122408
745867335
116003343
486330019
648616604
317451887
005387570
419695212
039995171
110855542
948753945
728752361
013415387
838758900
733864914
832736421
549182194
093361240
910713369
596027311
827898914
389488422
033382338
927006613
640783974
910349085
018283044
405733635
747009469
137287449
324648387
632056596
927492391
147768826
998185490